Some((
    red: 0.059528306,
    green: 0.12504947,
    blue: 0.0868288,
    alpha: 1.0,
))